16144360
12003060
12003060
17194407
17194407
13120061
13120061
13185319
13185319
17186555
17186555
14923052
14923052
13256375
13256375
12961904
12961904
17179538
17179538
17014421
17014421
13177113
13177113
18054336
18054336
17019076
17019076
14740836
14740836
16964635
16964635
17817578
17817578
17149485
17149485
16854853
16854853
17222111
17222111
18041121
18041121
17216485
17216485
18910550
18910550
18573863
18573863
12367918
12367918
17419726
17419726
17237378
17237378
15017204
15017204
13922731
13922731
13037371
13037371
17223214
17223214
17305716
17305716
17113180
17113180
19889770
19889770
14634845
14634845
17305839
17305839
16918527
16918527
19628260
19628260
16612909
16612909
16855847
16855847
17824671
17824671
16913757
16913757
17342796
17342796
17020025
17020025
18051320
18051320
16969081
16969081
19366338
19366338
18608173
18608173
16835747
16835747
17121438
17121438
14261587
14261587
15487102
15487102
18763994
18763994
16498364
16498364
17806242
17806242
16320430
16320430
17080714
17080714
17097428
17097428
16909550
16909550
14728534
14728534
19889315
19889315
17104122
17104122
16860224
16860224
16525638
16525638
17849255
17849255
17845313
17845313
18797556
18797556
16701437
16701437
16974764
16974764
19294749
19294749
18098362
18098362
19900801
19900801
16889960
16889960
15366084
15366084
16926659
16926659
16656794
16656794
15113830
15113830
15957189
15957189
17502599
17502599
17094518
17094518
18711479
18711479
16875475
16875475
16965752
16965752
16445531
16445531
19963388
19963388
16932517
16932517
17426394
17426394
16815721
16815721
17063385
17063385
19960850
19960850
18081603
18081603
17046923
17046923
19863860
19863860
17248159
17248159
17838025
17838025
17167097
17167097
17169159
17169159
16907422
16907422
17241393
17241393
16060916
16060916
17810870
17810870
18607470
18607470
16844482
16844482
17128384
17128384
16515317
16515317
17659533
17659533
19773777
19773777
18887057
18887057
17070360
17070360
16875875
16875875
17010073
17010073
16994943
16994943
17000962
17000962
16433504
16433504
17898376
17898376
